7bf0f60dea51bb2a861009bc6a389cb884a39523284290371a23e20ceaf0c098 1 0 0 0
6ebd53b14b51d8e0b177d5bb6cc43bc57333ae95a101f91a6c1eb0b89a89d5dd 444 1 67 9
8dfa3472bb507c32d44cd31497d1895acfab1103b36a171b4fcaee929b173bd5 68 0 0 0
ccbbd5ad642b4aa954eb78f31fca2e3e451314beb80ec44a28167fcf7d972557 5 0 0 0
7adfb6fcd1599c99bfef6a0b58dded819f3f50367758ff6d9d5042517b138216 31 0 0 0
f238f9294ae2731b6a3545abffa8cd81f0d5e65ab71d740a307d624eb95844ef 8 0 0 0
a51122c9afe4f5268286aa881b6bb59cd151ba7ad7ec0ebb1aeff7c0f227b0fd 9 0 0 0
17d6e46734de383cf70a5f76e6f5d57dd527bcb19931ccc04917ad5ad0681727 3 0 0 0
50310688af4c539395778bc1337789bc3c1a8093c2152a51809e8338258354dd 51 0 0 0
1233f91e5f008207a27eb0845bd2f80cdd67a284249ecd3115aad8d905fdfc1b 20 0 0 0
114becb299bb92211b022f02e730d3bb875ab334e8f9287deb3f399bd8e66fbb 28 0 0 0
b73e4062229206c7d234e4a19c65b9b45c9bc92d34711379d3df2e5cdcbade72 124 0 0 0
b7402dd0b2ff4dd97dc430c5e4de9a27628b03667328364f1da8f615ff3b0613 3 1 2 2
ec8934a7a051c179af71c1818cf1f7125fcfc077abb7e4429c5f62d8e0def13d 36 0 0 0
49a1a5e17aff0f1a4765801784c524f75953a1e1e44c69958f58a67cb102b367 4 0 0 0
9d110397a6417b41108bce07ea50c043c1a48d656936620c34642b25f289de5a 59 0 0 0
fbae353e5be9487dabf3bca5c7ffa11a6a15b996ff04791c81877dc6cf417981 2 0 0 0
c29c0178f9adf447a6ac74f629ed46b4e3d34fa495a24f9752857ce4643c6942 8 1 22275 0
9e47b8944060b3a22cf28a929d6aef2488feb01e9b84374346d51b34fb760670 4 0 0 0
e077872fc4d3b0e3eb2caf879588bb8a8a66f45593f981b508c6fc6e38acfef7 5 1 30095 0
a0e298cdbe368959b197e5d0c4c4f5a24ca4e4d532b8364c649fa644944d966c 6 0 0 0
28e14cfe766332e75f2971dbee29fe823f5c016a01abe5f18990674d38e716b2 5 2 10303 2
a8a2152a733313726c63f66af58d2fe49e7a54421eb2548f22463a226c07c523 5 1 23479 0
44bb79862cc7ab25b172912663043e34432ef8622c861fc19f968e9a4cbab722 4 1 21387 0
b8bcf6e7992e3774773fe159eed37dca9a12ddf08fd926c78c0ab280b3f32303 4 1 17051 0
16eefd7f82917f96d7e16ab78ea6208a5e75a9c356c2ef26c6ffcb8c3bd93b39 3 1 15719 0
82763ad92265d5f136583c310c9eb11c02c11b8dcdd29a1c602bd7a8012c8c0a 13 4 82366 28
7191c11a5541cce617dafdc3e3ab758155ea973591d9ab2567423559a7fba752 21 2 14882 4
89f26f01568d4f7525b6184e7d8d8abdb19ae0beeb3fa9be3f75e7579d0d8b43 24 8 107520 68
a491b856a10c775c76c1b64b29f63603bde2211fde086216753906faee3e9956 1 1 551 0
f1f17982789ea70b6c440183c42dd5681cd93ca71dcd67c4b5d17e7a389c94f8 53 26 703 202
f9458514d6764e12abbcc56f9f6ff91b3c80cc2ece04256fe7417762d36183d8 36 13 356 209
2ad8fb1697f4f911af48f02a4610da52c9dd454d65bf6a185504dd8709449626 3 3 3457 42
002369a7994af255c181236ee46812b54a574c61930bdd4cf0919cd54e59b3c7 3 1 1 1
879b65893d086b016a8dd9d007a9f768dbc4891bb7dff4fba15ca8b93467272d 2 2 8535 0
de6d3debdb15f627386e2bbf8ed11413d967bacc88829ce7d1042c4977b20d3b 4 2 80 1
fdd069085537de5795204ed063604059131155f5c00f227a9277f62161eacd07 16 8 62028 46
f4d37c2e71a20858c9051cd8e721e412051220daadf8332d84cdd0d60926470c 3 1 1 1
e099cc732b9459cf9dbb6fb69c91be5260835fb4422081eda0b88623e9be027b 6 2 2 2
2d55f2f30224876fc4d6aad649f72f1da4f0e572803663493784899d808a5062 3 1 1 1
a4376da2be7dc7310b2efe895478919567a95a12d0f7805985434d26bec4149a 2 0 0 0
10e695bc6ae6050b021d0439f2c6a0452898b581636f8ee18a8d704aef4dd5ff 72 0 0 0
9da936b2001ff6dc5c3c24d6ea468cc3c015052683fd2efebd2295cc47bba196 132 62 80532 57284
eac776de73cdc38d97674549d317880fc9003201baea193a978b48926381e632 17 3 28 8
6d32257a3580d5ed6dd54219676ad5c09f92cd444789bf50ca36045439410093 40 10 1190 445
c2b24ce06652638bb7eb0a261e479ff8884cce3f209c5b1d4fff057df9562e29 3 1 5879 0
1d384f8b76941980d8df40f286daf576a3488d79328731df2298c660391a0cc8 3 1 59405 0
785bb4089cc477143dc8d52e05f4428c29a060a8990a6fc5182baaf03b088188 4 2 32787 0
b5e037d60a8b43dbf5ed59f41e32166f66aea8a6c18cac151930ecdf80562a2a 4 2 8054 2
c7b33b37bb011eced5a9dd5297dbad0c46d495774cc666d4b95910a7685071be 6 4 21285 0
461679ab9d9f46f204a887ca7a30bbb2fbf0bacfdea4589bb2c8745188609b73 5 2 21876 5183
334c3a189fa16fd73067442e04e823e16112f3903655d6dce074ec305d2fac95 3 1 20028 0
2d6644d6edac98660358233c30a664c1f8fabdcc6c41589dec49b5f1ede91616 5 2 14859 11
12841a04ef6f9c5b63e9f95b1314baeaaa948dcc12b790d224a69b0fbc91aedb 10 8 133245 76
9ebcffcfb3f8c0abd1026732f984f64a31dcc5e8dd70e59421389f218202570a 5 3 32645 23
75bda94b265d5d57d37bdb7dd4e24e87083cc45b2b44ff2b94487913fff6bcd0 5 3 108250 18
e2273046d182c1eb71bcefb2b2bd20739f81b32347f9d0b90722c6d9e19b20a7 4 2 25488 2
1ba43393231c37019e1f6f56a6ee396835f81cff35bcd46dff0c7f087cc741dc 15 13 2561595 1225059
74f89a9d3e02d13e7013ceb499a107565a979d42d54bfc137b215bcf06ac2025 1 1 8322 0
6f780435a58b915791ae9080dd63571b6324ecbd0903203b32ff27fb6baf11f3 56 30 10079 4568
5a961899218a91eaf38d998607f04b1aa0d92acf3c506c8c7f5b788745200606 20 20 1759 271
78be15615e4a0da0c8280a300dcef9dd6fd1a9605a03bc07bc5183a9c02619e1 3 3 4246 82
2eef8bc4f6935469a011ff3eeeebd01ce4364ba37a61a90af5c90dfbede098db 56 48 10909 5049
25e65db7c2ddd715e236300fca676c7f879bcad6165e0ab1e05d7a2653f56f25 9 9 164 13
